0	4.857864
1	4.942602
10	5.6527840000000005
100	2.4533549999999997
1000	1.873159
1001	1.847518
1002	0.506668
1003	2.517481
1004	7.485731
1005	0.559436
1006	2.5624320000000003
1007	4.662775
1008	4.671487
1009	4.1952929999999995
101	16.328098
1010	4.557895
1011	4.281232
1012	6.801265
1013	0.897801
1014	0.540909
1015	0.540909
1016	2.380689
1017	1.914832
1018	2.521383
1019	2.412238
102	49.975448
1020	1.765383
1021	6.157336
1022	0.489425
1023	0.495773
1024	3.7177029999999998
1025	1.3475000000000001
1026	2.897706
1027	4.049571
1028	2.66491
1029	4.359345
103	13.279394
1030	2.238347
1031	6.5068980000000005
1032	6.707988
1033	2.475683
1034	5.94
1035	7.044130000000001
1036	5.94
1037	6.516844000000001
1038	5.94
1039	4.785614
104	54.216590000000004
1040	4.844953
1041	4.776552000000001
1042	4.322455
1043	4.706339
1044	1.060373
1045	0.909369
1046	0.909369
1047	3.903843
1048	2.75957
1049	2.7815200000000004
105	57.31961999999999
1050	4.670189000000001
1051	2.789436
1052	7.31785
1053	3.89302
1054	4.854067
1055	4.61857
1056	0.940257
1057	0.99
1058	0.99
1059	2.027431
106	4.336907
1060	3.16616
1061	2.235007
1062	1.755098
1063	2.6637820000000003
1064	4.38044
1065	0.509649
1066	1.055745
1067	1.010564
1068	1.64924
1069	2.920966
107	37.242847000000005
1070	4.079331
1071	4.151225999999999
1072	3.644315
1073	2.7393170000000002
1074	1.3259940000000001
1075	2.446104
1076	1.799741
1077	3.7655539999999994
1078	1.807293
1079	1.7251150000000002
108	8.779082
1080	1.664872
1081	3.734695
1082	5.4008590000000005
1083	3.925668
1084	5.062780999999999
1085	1.046783
1086	0.710162
1087	0.710162
1088	2.5892429999999997
1089	0.562265
109	41.07011999999998
1090	0.99
1091	0.710751
1092	0.710751
1093	0.985941
1094	2.455292
1095	1.928232
1096	2.1898299999999997
1097	2.192094
1098	5.00097
1099	7.705149
11	4.292263
110	44.04849599999999
1100	0.99
1101	0.99
1102	0.897012
1103	0.897012
1104	2.551875
1105	3.676021
1106	1.81692
1107	1.8567879999999999
1108	0.99
1109	0.99
111	61.086611
1110	0.581269
1111	0.581269
1112	0.526315
1113	3.872937
1114	1.5695829999999997
1115	2.493496
1116	0.540412
1117	1.0169389999999998
1118	0.614032
1119	0.614032
112	44.52719500000001
1120	1.854114
1121	1.6470600000000002
1122	2.60331
1123	1.597267
1124	1.5888820000000001
1125	1.44537
1126	0.556703
1127	7.4274000000000004
1128	6.930000000000001
1129	6.930000000000001
113	52.506095000000016
1130	6.930000000000001
1131	6.930000000000001
1132	0.526198
1133	0.499379
1134	2.9605560000000004
1135	2.521182
1136	3.2866109999999997
1137	0.503279
1138	0.503279
1139	0.891904
114	51.000845000000005
1140	2.0461359999999997
1141	0.503279
1142	0.503279
1143	6.036344
1144	5.920394000000001
1145	4.2601890000000004
1146	4.843737
1147	5.627913
1148	3.297905
1149	5.213279
115	62.11342499999998
1150	1.55881
1151	0.654837
1152	0.654837
1153	0.57493
1154	1.836188
1155	0.805679
1156	0.805679
1157	0.639398
1158	0.639398
1159	0.567731
116	55.53409099999999
1160	1.557731
1161	0.894317
1162	0.894317
1163	1.978292
1164	1.98
1165	1.978292
1166	1.697594
1167	1.98
1168	2.4739959999999996
1169	2.646261
117	69.01496400000002
1170	1.228906
1171	5.9869650000000005
1172	5.258043000000001
1173	0.566898
1174	2.054936
1175	1.7452779999999999
1176	0.848645
1177	0.848645
1178	0.511416
1179	0.511416
118	8.438431000000001
1180	10.695
1181	10.261586
1182	11.805928000000002
1183	9.486471
1184	5.542425
1185	7.9255700000000004
1186	11.1231
1187	0.762913
1188	0.762913
1189	2.770093
119	11.493989000000001
1190	6.618854999999999
1191	3.7218620000000002
1192	2.8179540000000003
1193	1.0766939999999998
1194	5.60102
1195	1.5378370000000001
1196	0.99
1197	0.99
1198	1.453111
1199	0.510679
12	0.569324
120	12.057044
1200	0.50312
1201	0.50312
1202	3.020365
1203	3.1761869999999996
1204	0.99
1205	0.99
1206	2.001118
1207	2.501823
1208	0.850556
1209	1.6599089999999999
121	48.91065
1210	0.610633
1211	0.58045
1212	3.5822960000000004
1213	4.5460650000000005
1214	4.350428
1215	5.611263
1216	5.946225000000001
1217	3.0930600000000004
1218	5.2483900000000006
1219	5.805781
122	98.62371000000002
1220	4.937520000000001
1221	0.887428
1222	1.257806
1223	4.11713
1224	1.489687
1225	1.1943199999999998
1226	0.897012
1227	4.030175
1228	4.762652
1229	3.8711019999999996
123	9.214177000000001
1230	5.234269
1231	4.295355
1232	4.752474
1233	0.50481
1234	1.014146
1235	2.620065
1236	1.98
1237	3.875877
1238	3.766948
1239	3.3974120000000005
124	52.386921
1240	0.789312
1241	0.789312
1242	2.834915
1243	0.503279
1244	0.503279
1245	0.979591
1246	0.979591
1247	0.986752
1248	0.986752
1249	2.7553349999999996
125	9.171059
1250	2.89353
1251	2.7878540000000003
1252	2.835635
1253	0.569351
1254	0.915139
1255	1.806022
1256	0.84565
1257	0.84565
1258	1.5347620000000002
1259	2.437544
126	0.564468
1260	0.888108
1261	0.888108
1262	2.261889
1263	3.8733130000000005
1264	1.9722560000000002
1265	0.897012
1266	0.897012
1267	3.8760820000000002
1268	1.314285
1269	1.335975
127	0.564468
1270	2.522978
1271	1.319875
1272	0.548883
1273	0.948126
1274	0.724351
1275	0.724351
1276	3.633286
1277	1.303985
1278	0.566898
1279	0.530682
128	14.427153000000002
1280	1.877161
1281	1.87381
1282	0.495923
1283	1.468493
1284	0.738986
1285	0.498059
1286	0.777025
1287	0.890883
1288	0.503279
1289	0.503279
129	14.861552000000003
1290	0.946846
1291	0.946846
1292	0.99
1293	0.99
1294	6.759075
1295	6.494149999999999
1296	6.580718999999999
1297	6.204923000000001
1298	6.8132850000000005
1299	6.541237
13	2.7567570000000003
130	13.342426
1300	6.744634
1301	6.750057
1302	3.8740959999999998
1303	5.072576
1304	2.2898739999999997
1305	0.550328
1306	0.567666
1307	1.0843859999999999
1308	0.890407
1309	0.99
131	18.994100000000003
1310	0.99
1311	0.549265
1312	0.547216
1313	3.2371340000000006
1314	0.566898
1315	2.198834
1316	0.499635
1317	2.450612
1318	2.243084
1319	2.272238
132	15.533551000000001
1320	4.950559999999999
1321	0.896253
1322	0.896253
1323	0.566898
1324	0.566898
1325	0.871748
1326	0.871748
1327	0.534223
1328	0.545036
1329	3.031076
133	13.330300000000001
1330	0.601645
1331	1.115773
1332	0.784159
1333	0.784159
1334	0.777743
1335	0.777743
1336	1.084407
1337	0.547352
1338	1.040334
1339	4.27227
134	20.485885999999997
1340	0.527546
1341	1.98
1342	1.930947
1343	0.549159
1344	0.874699
1345	0.926761
1346	0.926761
1347	2.3448890000000002
1348	0.976713
1349	0.976713
135	12.858882000000001
1350	0.503279
1351	0.503279
1352	0.614561
1353	1.80739
1354	0.4965
1355	1.133496
1356	2.4353610000000003
1357	0.582399
1358	0.989634
1359	0.989634
136	14.263065000000003
1360	1.951288
1361	2.5933789999999997
1362	2.522341
1363	0.879047
1364	0.879047
1365	0.745105
1366	0.745105
1367	1.98081
1368	0.805027
1369	1.7950270000000002
137	13.660803000000001
1370	3.316382
1371	1.065339
1372	1.940917
1373	0.562501
1374	0.56255
1375	0.56255
1376	0.72798
1377	0.72798
1378	0.890996
1379	0.890996
138	14.280514000000002
1380	0.81479
1381	1.320782
1382	0.493131
1383	0.897012
1384	1.577147
1385	1.639467
1386	1.2366139999999999
1387	1.1448269999999998
1388	4.460609
1389	3.9002760000000003
139	9.716126
1390	4.433466999999999
1391	2.212687
1392	4.489777
1393	4.338164
1394	0.916672
1395	3.1606759999999996
1396	1.698415
1397	1.6928779999999999
1398	3.258419
1399	0.562172
14	2.6122710000000002
140	12.807844
1400	0.566164
1401	0.99
1402	0.631342
1403	0.631342
1404	0.575502
1405	1.508645
1406	1.7785579999999999
1407	2.782755
1408	2.7482509999999998
1409	0.897012
141	13.523132000000002
1410	1.63072
1411	0.93544
1412	0.93544
1413	0.537011
1414	0.537011
1415	3.873634
1416	3.855673
1417	3.86731
1418	3.774002
1419	3.148672
142	4.128577
1420	2.439031
1421	3.560206
1422	3.203135
1423	2.5409859999999997
1424	0.572681
1425	0.556179
1426	0.89289
1427	0.89289
1428	0.497793
1429	3.314044
143	12.803862
1430	0.567953
1431	0.535142
1432	0.535142
1433	4.44901
1434	0.58066
1435	0.58066
1436	1.263256
1437	0.552326
1438	2.683854
1439	0.575213
144	1.5302099999999998
1440	0.575674
1441	1.974411
1442	0.897012
1443	0.897012
1444	1.590056
1445	1.400487
1446	0.688483
1447	0.774746
1448	0.774746
1449	0.573046
145	2.782368
1450	1.221459
1451	1.7869709999999999
1452	1.633388
1453	1.640441
1454	1.634928
1455	4.023519
1456	0.566576
1457	0.69284
1458	0.69284
1459	1.98
146	2.702253
1460	0.506737
1461	0.764216
1462	0.764216
1463	0.847255
1464	0.897012
1465	1.46391
1466	0.501985
1467	0.501985
1468	0.496846
1469	1.792203
147	0.544707
1470	1.8737599999999999
1471	1.871607
1472	0.503279
1473	0.503279
1474	0.568161
1475	0.616493
1476	0.546742
1477	0.546742
1478	0.57169
1479	0.57169
148	0.544707
1480	0.898713
1481	0.898713
1482	0.633147
1483	1.06979
1484	2.202685
1485	0.496028
1486	0.897012
1487	0.72171
1488	0.72171
1489	1.725035
149	0.610144
1490	0.579019
1491	0.95769
1492	0.95769
1493	1.808656
1494	1.564193
1495	1.864672
1496	1.5321699999999998
1497	1.462102
1498	1.764073
1499	0.705429
15	4.106984
150	0.610144
1500	1.4960499999999999
1501	2.025272
1502	0.643619
1503	0.648413
1504	0.573122
1505	0.573122
1506	0.832849
1507	0.832849
1508	0.503279
1509	0.541524
151	2.7919519999999998
1510	0.8586
1511	0.8586
1512	0.881526
1513	0.932076
1514	0.932076
1515	0.918578
1516	0.918578
1517	0.689147
1518	0.689147
1519	0.570831
152	3.368811
1520	0.570831
1521	1.045412
1522	0.570394
1523	1.20853
1524	0.769236
1525	0.579627
1526	2.966699
1527	0.503279
1528	0.503279
1529	0.571375
153	7.362784000000001
1530	4.009566
1531	0.897012
1532	0.810612
1533	0.787091
1534	0.566898
1535	0.628963
1536	0.5429
1537	0.5429
1538	1.3852470000000001
1539	0.533383
154	17.743946
1540	1.4481060000000001
1541	1.799183
1542	0.799471
1543	1.714757
1544	1.4201199999999998
1545	0.558106
1546	0.558106
1547	0.975901
1548	0.975901
1549	0.547803
155	6.396680000000001
1550	0.547803
1551	1.3106209999999998
1552	0.517801
1553	0.517801
1554	0.842362
1555	0.565096
1556	1.4756550000000002
1557	0.565138
1558	1.041047
1559	0.495835
156	3.3554890000000004
1560	0.604588
1561	0.604588
1562	0.894603
1563	0.894603
1564	2.6070729999999998
1565	0.614769
1566	0.978487
1567	0.978487
1568	1.1470259999999999
1569	1.082884
157	4.043153
1570	0.897012
1571	0.897012
1572	0.566931
1573	0.882688
1574	1.78619
1575	2.4354009999999997
1576	1.066052
1577	0.99
1578	0.891006
1579	0.891006
158	5.684162
1580	0.890843
1581	0.545169
1582	0.545169
1583	0.958373
1584	1.119343
1585	0.897404
1586	0.897404
1587	0.494813
1588	0.498547
1589	1.075443
159	5.654006000000001
1590	0.568771
1591	1.548142
1592	0.486004
1593	0.919231
1594	0.919231
1595	0.528454
1596	0.99
1597	0.99
1598	0.56258
1599	0.910559
16	8.052947
160	6.4338999999999995
1600	1.501048
1601	1.88165
1602	0.99
1603	0.568245
1604	0.833335
1605	0.566898
1606	0.835767
1607	1.7946849999999999
1608	0.550603
1609	0.99
161	6.680653
1610	0.99
1611	0.895183
1612	0.895183
1613	0.979371
1614	0.897012
1615	0.897012
1616	0.575021
1617	0.729873
1618	0.566898
1619	0.895047
162	4.374551
1620	0.895047
1621	0.92109
163	1.8757929999999998
164	5.6242779999999994
165	3.402033
166	6.097622000000001
167	2.399249
168	0.566846
169	5.504051
17	3.3496249999999996
170	65.657193
171	5.099893000000001
172	9.653063000000001
173	9.410862000000002
174	60.531431000000005
175	66.05067000000003
176	73.33133599999996
177	0.534378
178	5.470700999999999
179	8.143388
18	2.95873
180	13.423502999999998
181	4.285940999999999
182	7.711434000000001
183	10.062849
184	7.788536000000001
185	2.419656
186	2.7045899999999996
187	16.235823000000003
188	5.942061
189	6.834475
19	2.9699999999999998
190	13.262553
191	33.976113
192	57.15205900000002
193	52.402914999999986
194	49.531728
195	18.145087
196	15.385157000000001
197	26.722783
198	31.379994999999997
199	1.079655
2	4.905697
20	3.5411289999999997
200	73.105156
201	12.84934
202	27.427324999999996
203	31.987438999999988
204	25.671446
205	30.821779999999997
206	20.290647999999997
207	18.590608
208	28.278565000000004
209	16.082757
21	3.5520859999999996
210	23.341298
211	36.403791999999996
212	14.813791
213	20.287920000000003
214	27.265662999999993
215	31.50339
216	34.996844
217	19.839366999999996
218	12.187417000000003
219	19.038162
22	5.851634000000001
220	33.03160199999999
221	25.997663999999993
222	20.972477999999995
223	52.10690600000002
224	4.420134000000001
225	8.834527000000001
226	33.04855099999999
227	21.317598000000004
228	32.33324599999999
229	27.634721999999993
23	9.76449
230	12.446304
231	19.417177000000002
232	29.902269
233	0.558512
234	1.4412
235	1.4193630000000002
236	2.3537250000000003
237	2.102433
238	1.0863450000000001
239	1.0863450000000001
24	21.728399999999997
240	1.069642
241	1.474496
242	1.5912510000000002
243	1.6341350000000001
244	23.058550999999998
245	31.981568999999983
246	17.656421999999996
247	19.877698
248	9.55543
249	21.449613999999997
25	10.741542
250	24.088399999999996
251	42.032808999999986
252	17.773119
253	9.473665999999998
254	20.154811999999993
255	31.433707999999992
256	7.268123000000001
257	25.88334099999999
258	17.380839
259	7.5000469999999995
26	5.171214
260	38.87301399999999
261	37.77204
262	2.7365809999999997
263	5.734346999999999
264	18.623700000000003
265	24.478420999999994
266	24.952462999999998
267	32.743002999999995
268	37.45601799999999
269	29.539122999999996
27	22.439498999999994
270	38.651327
271	22.326131
272	52.83814100000002
273	46.62793400000001
274	52.744305999999995
275	43.446152
276	32.332432
277	37.320302999999996
278	64.470614
279	61.17421200000002
28	6.3556040000000005
280	54.287284000000014
281	15.87652
282	17.734762000000003
283	51.68901699999999
284	23.455829
285	62.97366200000002
286	10.411729999999999
287	41.71677
288	48.55741199999999
289	42.99234400000001
29	16.637102000000002
290	38.51038700000001
291	31.025818
292	55.35677599999999
293	58.650259000000005
294	58.06367599999997
295	62.526427999999996
296	48.740709
297	15.909578999999997
298	30.949861000000002
299	4.25774
3	4.838461000000001
30	19.429643
300	44.569767999999996
301	57.11551700000001
302	64.89677999999998
303	54.01411399999998
304	57.252501999999986
305	32.979240000000004
306	36.05746700000001
307	26.138937000000002
308	83.456123
309	45.053060999999985
31	8.193214
310	36.109897
311	37.769281
312	2.714663
313	2.622384
314	2.688287
315	2.786842
316	0.497515
317	1.202944
318	16.897772
319	14.912641999999996
32	9.947125000000002
320	19.63511
321	15.866952000000001
322	19.938588000000003
323	19.938473000000002
324	19.702379999999998
325	21.166563999999997
326	15.209647
327	14.586807999999998
328	17.001127
329	15.666683999999998
33	6.833459
330	15.738194999999997
331	16.570794000000003
332	10.979108
333	21.043074
334	19.011293
335	18.425165999999997
336	16.188718
337	21.435555999999995
338	19.789948000000003
339	4.963405000000001
34	11.120290000000002
340	9.218275
341	14.280304000000001
342	15.802613000000003
343	23.96810399999999
344	14.270430000000001
345	11.99697
346	13.803495
347	13.770425000000001
348	13.696388000000002
349	13.321172
35	9.345682
350	13.700356000000001
351	13.426919000000002
352	24.047593999999993
353	15.459042000000002
354	12.026345000000003
355	13.838998000000002
356	13.709090000000002
357	0.99
358	1.485835
359	2.959514
36	9.530973
360	2.835632
361	14.288638000000002
362	3.798788
363	0.912082
364	0.912082
365	0.684064
366	0.684064
367	0.897012
368	2.455769
369	0.99
37	10.538235
370	3.8628980000000004
371	0.628296
372	0.628296
373	1.1206960000000001
374	3.214404
375	2.9943850000000003
376	18.843812000000003
377	12.376294000000001
378	13.247897
379	32.794888000000014
38	10.698117000000002
380	21.092727
381	51.58735299999999
382	4.1420189999999995
383	11.349884999999995
384	11.66606
385	46.41169899999999
386	33.711889
387	25.353665999999993
388	5.815528
389	66.18186500000004
39	10.792126000000001
390	7.859717999999999
391	40.397606999999994
392	5.963383
393	0.603682
394	0.603682
395	4.603207
396	5.422449
397	7.062071
398	7.047044
399	6.496692
4	4.948687
40	8.600419
400	5.088867
401	5.869393
402	3.478225
403	2.2626470000000003
404	1.123294
405	27.142483000000006
406	47.648476000000024
407	1.453792
408	20.476274
409	24.434493999999994
41	6.3778310000000005
410	21.332537000000002
411	2.781599
412	14.166195000000002
413	23.44248799999999
414	22.677826
415	22.091119000000003
416	22.039604999999995
417	23.993441999999995
418	22.801104
419	18.876848
42	4.3956
420	18.018744000000005
421	23.474859999999993
422	23.685979999999997
423	22.925811999999997
424	24.149989999999992
425	23.186995999999994
426	15.174669000000002
427	20.340037
428	21.824375999999994
429	23.303575000000002
43	5.297185000000001
430	12.968151
431	20.479012
432	15.634766999999998
433	23.81497299999999
434	8.780916999999999
435	2.5675470000000002
436	0.514348
437	17.772821
438	23.110584999999993
439	21.955768000000003
44	4.949311
440	19.137829000000004
441	22.565751999999993
442	22.468430999999995
443	22.798732
444	17.019967
445	23.816644999999998
446	20.729758999999998
447	24.66958199999999
448	23.959062999999993
449	22.68937799999999
45	1.967549
450	21.668666999999996
451	24.828087999999994
452	23.06971099999999
453	22.528903
454	22.989096999999997
455	22.99247899999999
456	20.275528999999995
457	24.68769199999999
458	22.184674999999995
459	1.095148
46	3.7002490000000003
460	1.717629
461	1.1120830000000002
462	0.580145
463	1.840337
464	0.89306
465	0.89306
466	0.558843
467	0.558843
468	18.456857999999997
469	5.857851
47	4.379151
470	1.9432870000000002
471	9.602166
472	5.939797
473	18.453039999999998
474	6.217121000000001
475	5.147636
476	2.885909
477	1.116448
478	1.407129
479	1.649133
48	1.833985
480	1.4769269999999999
481	3.295427
482	4.31158
483	0.826761
484	4.519903
485	0.530301
486	2.2126799999999998
487	8.158673
488	6.685144
489	17.281188999999998
49	3.782921
490	27.391658999999997
491	5.8577580000000005
492	39.01024399999999
493	11.718842
494	30.940658000000003
495	2.750911
496	15.148694
497	10.542296
498	2.728631
499	25.664940999999992
5	4.860177
50	3.8025650000000004
500	9.929596
501	1.377912
502	1.096056
503	1.3625820000000002
504	5.174775
505	27.789502999999993
506	11.333222999999998
507	20.000428999999997
508	18.103711000000004
509	15.225671000000004
51	4.368578
510	22.682274999999994
511	21.66314999999999
512	12.073985
513	13.172828999999998
514	4.95
515	4.95
516	4.95
517	4.95
518	4.95
519	4.95
52	3.6986149999999998
520	0.539148
521	0.539148
522	5.1518500000000005
523	1.004128
524	4.722856
525	0.506269
526	8.807635
527	4.819877999999999
528	8.003776
529	18.942355999999997
53	3.7067710000000003
530	21.041656999999994
531	14.827247
532	20.249868
533	18.318985000000005
534	17.898532
535	14.671803
536	21.961996999999993
537	18.213478999999996
538	24.56075399999999
539	17.632169
54	0.96664
540	13.168441
541	17.277678
542	15.335712000000003
543	14.903375
544	11.239569999999999
545	11.4312
546	11.471971000000002
547	19.614724999999996
548	15.763111
549	11.814316999999999
55	1.532804
550	16.533532
551	1.098069
552	3.339994
553	15.118858000000003
554	4.252896
555	2.942215
556	5.090179
557	4.936672000000001
558	2.334409
559	3.77009
56	0.513756
560	0.543084
561	2.523084
562	6.362261999999999
563	15.361816000000003
564	1.394685
565	2.200637
566	2.411301
567	5.926117
568	6.224204
569	6.273555
57	2.887251
570	4.960531
571	5.631913000000001
572	2.22874
573	5.3993910000000005
574	4.013591
575	6.047469
576	4.849578999999999
577	3.553613
578	4.758626
579	4.856205
58	1.466189
580	3.9591279999999998
581	0.565957
582	3.7167610000000004
583	3.6203089999999998
584	4.038481
585	4.061033
586	3.9594060000000004
587	2.6250470000000004
588	8.14111
589	7.172554999999999
59	1.466189
590	8.057297
591	8.074986
592	1.1331449999999998
593	4.45143
594	0.708794
595	0.54874
596	7.318675
597	0.574463
598	1.3465850000000001
599	1.985792
6	3.391031
60	1.794024
600	2.733164
601	0.634156
602	0.634156
603	0.509828
604	16.397532
605	16.955129
606	15.374723000000001
607	15.51082
608	14.421888000000001
609	16.925424
61	5.073002
610	15.768191000000002
611	13.133382999999998
612	31.10247299999999
613	9.892914000000001
614	2.741739
615	8.099501
616	5.472781
617	1.3753440000000001
618	0.806587
619	2.9699999999999998
62	9.316517000000001
620	2.9699999999999998
621	2.6426629999999998
622	2.6426629999999998
623	5.458001
624	6.937203
625	4.310953
626	2.629033
627	2.527964
628	0.497525
629	4.8112960000000005
63	3.2273180000000004
630	3.411519
631	2.650949
632	0.744987
633	3.435912
634	0.547028
635	1.223101
636	1.040781
637	0.711134
638	0.711134
639	28.278994999999988
64	21.947966
640	37.16113299999999
641	33.753885999999994
642	28.549313999999992
643	40.218430000000005
644	39.406418999999985
645	20.858679999999996
646	28.355588999999988
647	30.068106000000007
648	1.54722
649	0.976233
65	7.326054000000001
650	2.6206030000000005
651	3.5756349999999997
652	2.702894
653	33.26488599999999
654	11.855925
655	17.018967
656	14.501163000000002
657	7.823621
658	9.120987
659	15.299940000000001
66	2.3881360000000003
660	15.549515
661	15.550704000000001
662	8.858099
663	15.48445
664	16.196171000000003
665	13.267176000000001
666	15.570483000000003
667	9.838583
668	10.034142
669	13.296111
67	2.413289
670	14.199586000000002
671	19.829689000000002
672	14.014218000000001
673	11.354866000000001
674	14.041133
675	15.865555000000002
676	16.217514
677	20.147444999999994
678	14.740799
679	26.04752199999999
68	3.799046
680	29.46810399999999
681	12.153594
682	11.780345
683	20.602343
684	14.106011000000002
685	20.680481999999994
686	31.520001999999995
687	14.189148000000001
688	0.575981
689	1.344708
69	13.215604
690	1.9792079999999999
691	1.974305
692	2.51361
693	2.51361
694	2.7336039999999997
695	1.82125
696	1.9288560000000001
697	2.414208
698	2.545121
699	2.8897120000000003
7	5.4902820000000006
70	17.124632000000002
700	1.653719
701	6.996767
702	19.642117000000002
703	20.609061
704	1.8869150000000001
705	1.928879
706	1.836944
707	2.891478
708	4.638249999999999
709	4.6417280000000005
71	7.681066
710	6.777616000000001
711	9.341217
712	3.8121160000000005
713	4.650468
714	7.0498199999999995
715	4.9388819999999996
716	5.554276999999999
717	5.9864
718	1.254947
719	3.7127489999999996
72	17.106282999999998
720	1.958232
721	4.263852
722	1.486688
723	1.949822
724	1.1505429999999999
725	2.336327
726	2.13736
727	0.983463
728	0.983463
729	15.060461000000002
73	39.88534199999999
730	4.326866
731	6.351364
732	5.674208
733	5.839446000000001
734	5.860155000000001
735	5.939949
736	5.932151
737	5.842055
738	5.94
739	15.498748000000003
74	15.262225
740	2.278164
741	20.386202999999995
742	7.022617
743	18.922744999999995
744	14.849225000000002
745	16.680178
746	16.676109
747	0.493429
748	8.044060000000002
749	3.306022
75	10.825503000000001
750	2.393873
751	7.402823
752	7.020423999999999
753	6.198086999999999
754	7.044535
755	8.003014
756	6.032363
757	7.749851
758	5.520695999999999
759	7.136081999999999
76	44.983458000000006
760	7.773166000000001
761	2.3322320000000003
762	0.613954
763	0.613954
764	1.9960080000000002
765	18.475706
766	3.4285250000000005
767	1.050143
768	2.224075
769	4.847086
77	4.7059750000000005
770	3.164382
771	2.6558900000000003
772	8.441743
773	11.283659000000002
774	8.650784
775	7.808934000000001
776	12.022189000000001
777	7.634516
778	9.388625000000001
779	10.848593000000001
78	43.26807699999999
780	12.139409
781	6.757739000000001
782	0.503279
783	0.503279
784	5.637805
785	1.845645
786	2.493604
787	2.778482
788	8.316175
789	2.8466080000000002
79	21.531835999999995
790	7.213409
791	7.933992999999999
792	10.215287
793	23.031314999999996
794	8.283205
795	8.924584999999999
796	7.746258
797	21.527817999999993
798	2.136188
799	1.3131650000000001
8	5.200514
80	23.381864
800	1.443593
801	0.541672
802	5.206747999999999
803	7.497964
804	3.557014
805	2.2862609999999997
806	9.855279
807	8.653323
808	6.431532000000001
809	6.996125000000001
81	35.045505999999996
810	6.661901
811	4.222523
812	10.267316999999998
813	0.784605
814	1.271086
815	0.897012
816	0.897012
817	1.017321
818	1.296533
819	0.91781
82	13.227246000000001
820	0.976063
821	0.976063
822	13.771140999999998
823	3.7448010000000003
824	0.690242
825	0.690242
826	6.9394599999999995
827	34.516057999999994
828	43.53822399999999
829	19.150204999999993
83	26.10560999999999
830	25.312765000000002
831	4.642594000000001
832	3.96
833	3.9581800000000005
834	4.4451480000000005
835	1.167742
836	3.9581800000000005
837	3.3111890000000006
838	3.2036499999999997
839	1.5378370000000001
84	22.302779999999995
840	3.855171
841	3.033887
842	2.4255430000000002
843	7.055031
844	6.1129039999999994
845	22.426653999999992
846	25.521324999999994
847	24.32885299999999
848	22.714510999999995
849	23.085752999999993
85	24.895517999999996
850	23.17106799999999
851	22.294403999999993
852	23.56702199999999
853	22.032036999999992
854	23.682453999999993
855	1.1908880000000002
856	1.423105
857	1.4415390000000001
858	12.75042
859	14.504155
86	16.590958
860	14.499565000000002
861	13.253575999999999
862	14.757012000000001
863	14.737124000000001
864	2.154082
865	8.867228999999998
866	28.425446999999995
867	7.852968000000001
868	6.530940999999999
869	10.076355999999999
87	5.153468
870	12.684738000000001
871	13.241267
872	13.080326000000001
873	12.763509
874	12.577984
875	12.642457000000002
876	13.380331
877	10.725514
878	13.352590000000001
879	13.635698000000001
88	3.7565449999999996
880	13.257819000000001
881	13.564395000000001
882	12.278856000000001
883	1.3859110000000001
884	1.614538
885	1.5654850000000002
886	7.7829180000000004
887	7.498608
888	0.666915
889	5.775664
89	2.824966
890	0.76164
891	0.76164
892	9.874019
893	13.125115999999998
894	12.950198
895	25.701264
896	27.49526
897	3.358544
898	11.822682
899	6.653956
9	5.40423
90	5.321991
900	12.745795999999999
901	16.444755999999998
902	28.552020000000002
903	1.316008
904	3.07046
905	0.506514
906	0.848267
907	0.848267
908	1.523211
909	1.833407
91	3.0172459999999997
910	0.890759
911	2.780102
912	3.384787
913	2.791649
914	3.337092
915	10.829906000000001
916	8.222429
917	10.863196000000002
918	10.553774000000002
919	10.097824000000001
92	5.7618290000000005
920	8.794691
921	4.6048089999999995
922	11.083231
923	1.773976
924	1.7979479999999999
925	1.9560279999999999
926	20.516713999999993
927	18.769161000000004
928	19.485563999999997
929	21.327221999999995
93	6.490592
930	16.934492
931	20.319817999999998
932	22.141558999999994
933	22.59722799999999
934	10.978653999999999
935	21.801394999999996
936	22.222476999999994
937	22.006533999999995
938	3.016722
939	1.549973
94	3.006443
940	3.833809
941	35.094432000000005
942	6.885421000000001
943	1.156107
944	0.574021
945	4.235976
946	4.2690790000000005
947	14.61592
948	24.831951
949	7.52565
95	0.895352
950	31.815378999999993
951	27.26622399999999
952	17.167486999999998
953	28.228640000000002
954	14.634452
955	15.704312000000002
956	1.531256
957	1.562681
958	1.085518
959	0.507665
96	5.62235
960	0.577853
961	0.989893
962	0.989893
963	3.1844270000000003
964	0.937208
965	4.027531000000001
966	0.701844
967	6.241957
968	5.769417
969	4.938267000000001
97	2.449309
970	5.682902
971	5.815525
972	5.7415460000000005
973	5.754024
974	0.622308
975	1.51932
976	0.907376
977	0.907376
978	0.987794
979	1.9359199999999999
98	2.60084
980	0.492465
981	1.060626
982	0.895184
983	0.976495
984	0.976495
985	3.971253
986	3.6085979999999998
987	0.497359
988	5.126097
989	0.499388
99	2.034468
990	3.206987
991	3.6452020000000003
992	4.594809
993	0.891214
994	1.5057749999999999
995	0.760966
996	1.9933750000000001
997	0.571396
998	0.571396
999	1.814069
